-5.24541 0.124571
-5.35861 -0.862159
-5.47043 -0.857159
2.74235 4.41212
2.8589 4.75073
2.89118 3.92937
1.95898 4.15628
2.44806 3.40135
2.68827 4.98613
-2.37666 4.06687
-2.32331 2.64712
-3.61167 3.10583
0.917049 0.0378817
0.780339 -0.16749
0.630951 0.603584
-0.205335 0.172854
-0.330774 0.395181
0.278348 -0.191935
0.320123 1.05983
0.730106 0.424276
0.388203 -0.389154
0.674511 0.0661396
-3.72645 -2.9584
-3.68321 -2.94222
-3.26408 -3.03488
-1.5822 -5.07841
-2.33715 -5.8125
-2.05497 -5.70002
-0.875688 3.44145
-0.892323 2.27805
-1.45416 3.34909
-0.530215 3.656
-1.10116 3.51073
-0.912376 3.33971
-0.438052 2.54865
-0.60165 3.30251
-2.76006 -0.357393
-2.33816 -1.09944
-2.60754 0.239743
-2.98444 -0.303449
-2.16015 -0.56169
-2.54278 -0.387344
-2.8189 -0.760583
-1.52932 -0.709842
2.70169 2.67147
3.14349 2.81775
4.14821 3.31095
1.16727 1.31051
0.747981 1.62929
1.63123 2.16833
1.43382 2.07254
0.628696 1.54786
1.15072 1.46849
0.771533 1.99087
0.421947 1.75436
0.591802 1.67722
0.83193 1.11881
0.776336 0.760677
-0.746297 -2.02974
-0.328274 -2.55647
-0.109684 -2.99547
-0.119103 -1.82534
-0.439346 -2.41727
-2.53644 5.76678
-1.84477 3.46781
-2.09506 3.00123
-1.49177 3.62945
-1.94049 2.37222
-0.891717 2.77798
1.89552 0.835963
1.74712 0.25787
2.13693 0.935606
2.12312 0.338882
2.78019 0.147323
2.28809 0.715453
1.46102 0.823572
2.20627 0.838103
1.87897 0.993942
2.36996 -0.0075652
2.01966 0.482017
2.28308 0.325221
2.4747 0.735332
2.7088 0.896761
-1.86795 -1.70767
-0.843378 -1.51208
-1.9458 -1.74108
-2.15042 -1.02898
-2.42654 -1.40222
-2.37321 -1.89859
-2.74714 -1.30993
5.13077 0.95415
4.60511 -0.671021
5.32864 0.100645
5.42008 -0.195112
4.49868 0.176258
5.01787 0.366783
-0.14759 1.69221
0.543593 2.51818
0.617509 1.50657
0.513429 1.7563
0.656267 2.19932
0.306681 1.96281
0.476536 1.88567
0.143083 2.71667
-4.28268 -1.31896
-3.80198 -1.72965
-4.30499 -1.61181
-4.03619 -2.50171
-4.50527 -1.66808
-4.59107 -2.45719
-3.54594 -2.05663
-3.99296 -2.48552
-1.17952 -4.85879
-0.532667 -4.87257
-3.74883 -3.50804
-4.27891 -4.05754
2.46319 -4.54198
2.46457 -5.00194
1.31642 -4.26764
1.60877 -4.70206
1.85138 -5.43533
1.58074 -4.51236
2.01776 -4.73445
1.57269 -4.31873
-1.79209 -1.96911
-2.98437 -1.93554
-3.21858 -2.70759
-2.72832 -2.26252
-2.75621 -2.78407
1.7237 -2.29535
1.83184 -2.15373
2.35 -2.74995
1.92196 -1.90674
1.60306 -1.71035
2.02226 -2.27872
1.91883 -2.01895
1.0517 -1.45264
1.71305 -2.22139
2.86774 -2.17242
-0.267185 3.11228
0.496485 2.09441
0.407362 2.77485
-0.303873 3.01055
0.377199 2.01298
-0.287416 2.40808
0.520036 2.45599
0.135697 1.99705
0.186895 3.49314
0.170451 2.21948
0.00685314 2.97334
0.107397 2.33009
-1.30063 -4.15347
-1.47731 -4.74446
-2.14886 -3.87141
-1.54481 3.21706
-2.12328 3.1247
-2.37357 2.65811
-2.04545 2.27172
-2.04185 2.14244
-2.40431 2.68308
0.786503 -0.39874
0.254501 -1.6669
0.430075 -1.04705
0.855808 -0.714103
0.771301 -0.198002
0.60234 0.306707
-0.255305 -0.151432
1.61536 -0.774167
0.353817 -0.738548
0.821071 0.0882553
0.136493 -0.886456
0.463672 -0.935767
1.56226 -0.975019
0.543015 -0.847709
1.20436 -1.61646
3.61052 -4.03682
4.1337 -3.80785
3.69059 -3.54955
3.59326 -3.48102
4.86828 -2.52633
3.26255 -2.70634
3.522 -0.0521869
3.45061 0.697252
-4.02644 2.08607
-3.93978 2.29007
-4.13569 2.59452
3.01892 -4.58022
3.54211 -4.35125
2.86969 -5.06394
1.12945 4.40443
1.13195 4.14626
0.625603 4.34681
0.675376 5.53027
1.17594 5.3321
1.20651 4.73997
0.594055 4.51605
1.20901 4.4818
0.702661 4.68235
0.864729 -0.415248
0.5083 -1.06356
1.40138 -1.5653
0.934034 -0.730612
-0.0516403 -0.390268
0.568914 -1.40605
0.432043 -0.755057
0.541898 -0.952276
1.6067 -0.457889
1.13497 -0.805945
0.828206 -0.496982
0.621241 -0.864218
-3.15641 -1.7658
-3.65942 -1.64796
-3.39062 -2.53785
-2.95369 -1.5964
1.18657 2.08868
2.06982 2.62771
1.8724 2.53192
2.3142 2.67821
1.91661 1.77203
1.98123 3.0699
1.41485 0.93515
1.65626 1.03479
1.64245 0.438068
0.980353 0.922759
1.7256 0.93729
1.3983 1.09313
1.095 0.954044
0.669525 1.379
1.53899 0.581204
2.2385 1.08817
3.10331 5.56079
3.09352 5.44087
3.00952 5.95408
3.23542 5.4181
-0.789359 -1.6825
-1.22034 -1.78498
-0.195763 -1.58939
-1.12017 -1.28065
-0.250175 -1.83792
-0.482408 -2.07004
3.10724 -3.82369
2.95463 -4.52477
3.47782 -4.2958
3.03471 -4.03749
2.95601 -4.98473
2.85121 -2.28466
2.26052 -1.90224
3.16837 -1.35303
2.08602 -1.94055
2.74783 -1.60984
2.35064 -1.65525
2.72281 -1.65621
2.03173 -1.45887
1.99411 -1.14288
2.34751 -1.76746
2.49963 -1.32847
2.32659 -2.77406
2.87282 -3.71594
2.73475 -3.15409
2.9529 -3.22866
2.85557 -3.16013
2.26025 -2.67075
3.09709 -2.5095
2.62516 -2.75743
-6.37227 2.46749
-3.00393 -5.24805
-2.37636 -5.26848
-2.30106 -5.65371
4.72512 3.63695
4.40185 2.79865
5.00001 3.4889
5.85966 0.207499
6.08928 0.811814
5.99419 0.987042
-4.42232 2.59856
-4.53156 3.10701
1.45298 -0.665087
1.82898 -0.584076
1.31627 -0.870459
1.60912 -1.74346
2.07582 -0.930523
1.55483 -1.26177
1.26604 -0.278693
1.72552 -0.440941
1.51721 -0.945792
1.87061 -1.57037
2.02272 -1.13137
1.00348 -1.00407
1.88516 1.51748
2.12657 1.61712
2.34913 2.37529
2.27774 1.39697
2.15171 2.27951
2.5935 2.42579
1.34659 1.75482
0.681974 2.14993
2.1314 2.00462
-4.79875 -0.403156
-4.68405 0.703684
-4.82106 -0.696005
-4.90814 0.23446
-5.4033 -0.0507177
-5.02134 -0.752271
-5.13315 -0.74727
-4.7933 1.21214
-1.34631 -3.55158
-1.48037 -3.03833
2.44177 -2.52164
3.14061 -2.76244
3.90658 -2.46515
2.84993 -2.90167
2.97075 -2.90771
2.64004 -2.13303
3.21226 -2.25707
3.26005 -2.0733
3.01221 -2.13399
3.36098 -2.20645
2.63691 -2.24524
1.35975 -2.67121
0.399242 -2.6477
1.7679 -3.05125
0.426847 -3.07439
0.759212 -3.33876
0.63543 -2.37035
0.488105 -3.06489
2.13024 -2.40665
0.520404 -2.27638
1.01548 -3.38985
1.42176 -3.04195
-0.00306013 -3.35552
0.0245444 -3.78221
0.649256 -4.481
0.21553 -3.79452
-0.0668025 -4.53057
0.621226 -4.29129
1.80026 0.696293
2.04167 0.795937
2.19283 0.575783
2.18356 0.157455
1.36576 0.683903
2.11101 0.698433
1.26168 0.933639
1.78371 0.854273
0.597068 1.32874
1.46492 0.504595
1.9244 0.342347
2.18782 0.185551
1.20236 -0.220777
2.16466 -2.16767
2.46466 -2.68932
2.65196 -1.87527
2.25477 -1.92068
2.62694 -1.92164
1.93587 -1.72429
2.25165 -2.03289
2.04586 -2.23533
-2.57775 -0.0126065
-1.32525 0.152072
-1.45069 0.374399
-2.27228 0.0228434
-0.841567 -0.212717
-1.32633 0.319171
-1.45881 0.228948
-0.666406 3.30175
-1.24487 3.20939
-0.891875 3.37103
-0.686637 2.59755
-1.22039 3.77616
-1.16345 2.22713
-0.0589153 2.33181
-0.392368 3.16281
5.52243 1.49298
5.07719 1.67921
4.94451 1.70466
4.13182 1.31848
4.27101 -1.176
3.6845 -0.902367
3.8899 -1.28267
4.03283 -1.41738
3.46937 -1.53948
3.27426 -1.05725
4.24871 -1.30422
3.69219 -1.52516
3.44434 -1.58585
3.79312 -1.65831
3.06905 -1.6971
3.22116 -1.25811
4.42514 -1.88652
-0.86519 -1.31075
-0.447167 -1.83748
-1.29617 -1.41323
-1.37401 -1.44664
-0.326006 -1.46616
-0.565176 -1.05704
-0.237996 -1.10635
-0.965094 -0.467467
-0.158653 -1.01829
3.33174 1.31929
2.74091 1.13455
3.38418 0.346268
2.89207 0.914398
3.62607 0.678535
3.32315 1.18792
3.31278 1.09571
-4.23251 1.21262
-4.4153 1.15556
-4.46504 1.07817
-4.95176 0.458221
-4.56849 0.75355
2.36421 -1.2723
2.31885 -2.39337
3.2267 -1.84415
2.61885 -2.91502
2.83701 -2.98959
2.14435 -2.43168
2.80616 -2.10097
2.40897 -2.14638
1.33906 -2.92866
2.98119 -2.27042
2.78113 -2.14734
2.50927 -2.51836
3.12991 -2.2198
2.27272 -2.90573
2.40584 -2.25859
-0.848233 4.66126
0.222796 4.72331
-0.9606 4.35411
0.118117 4.75339
-1.28912 4.75924
-1.9287 3.62336
-1.90422 4.19014
-2.20973 3.18175
-1.0762 3.57679
-2.08447 3.88931
-5.24198 -1.24279
-3.31781 -4.51558
-2.69024 -4.53602
-3.23285 -3.33393
-2.81372 -3.42659
-3.80617 -3.89962
-2.03294 4.12633
-2.38149 4.90727
-2.00846 4.6931
1.15936 0.688462
1.51378 1.15656
1.09449 1.47535
1.75519 1.25621
1.89708 0.617724
1.82453 1.1587
0.9752 1.39391
1.19393 1.17546
0.768452 1.60041
0.938307 1.52327
1.76001 1.64371
-1.77819 3.68659
-0.854246 3.99351
-1.42519 3.84823
-2.12674 4.46753
-1.93396 3.95254
-3.27411 -0.758578
-3.29948 -0.996496
-3.03792 -0.42391
-3.32604 -0.42834
-3.26231 -0.369966
-3.02057 -0.39289
-3.09676 -0.8271
-2.77187 -0.425476
-3.04343 -1.32347
-3.41737 -0.734808
0.488204 0.324359
-0.412963 0.148601
-0.538401 0.370928
0.841269 0.749701
0.0707202 -0.216188
0.537975 0.610616
0.180576 -0.413407
-0.41404 0.3157
0.259919 -0.325349
-1.0519 -1.26244
-1.96528 -0.625267
-1.38271 -0.860584
-0.534563 -0.860828
-0.751887 -1.00874
-0.424708 -1.05805
-1.71657 -0.657853
-0.413411 -3.12694
-0.947328 -3.69723
-1.12401 -4.28822
-0.385806 -3.55363
0.210875 -4.06272
-0.324549 -3.54413
1.07624 -4.50351
1.36859 -4.93794
1.77757 -4.97033
1.33251 -4.55461
-4.58861 1.89584
-4.36188 2.86337
-1.45807 -1.43842
-1.88905 -1.5409
-1.54985 -0.449689
-1.78888 -1.03656
-2.17151 -0.862216
-2.44763 -1.23545
-1.70802 -2.02219
-1.42549 -0.504917
-1.1302 0.849192
-1.78775 0.824638
-1.20138 0.232823
-1.32682 0.45515
-1.94849 0.0426228
-1.53458 0.76013
-1.20246 0.399922
-1.33494 0.309699
1.78542 -1.90393
1.56293 -0.722249
1.89356 -1.76231
1.42622 -0.92762
2.09463 -0.682995
1.34171 -0.411519
1.66477 -1.31894
0.946072 -1.5091
0.924225 -0.952066
1.98055 -1.62753
1.32039 -0.693991
0.170494 -1.20405
-0.194625 -1.87949
-0.34195 -2.57403
-0.309651 -1.78552
-0.548821 -1.3764
-0.221642 -1.42571
-0.541884 -2.01764
-2.04367 3.10724
-2.29397 2.64066
-1.48543 2.4954
-2.3247 2.66562
0.437497 1.67896
0.348375 2.3594
-1.15493 2.13788
0.422291 1.34779
0.318212 1.59752
-0.346403 1.99263
-1.22585 1.35395
0.461049 2.04054
-0.826809 1.75149
0.0767095 1.5816
0.111463 1.80403
0.521446 1.16848
-0.747191 1.44437
1.85455 1.28445
2.31851 2.14227
2.24712 1.16394
2.12109 2.04648
1.838 1.44243
2.75112 2.06025
1.5347 1.30335
2.6782 1.43747
2.43374 1.18382
2.66784 1.34525
-3.63655 1.47395
-3.54988 1.67794
2.26982 1.18679
2.6624 1.06628
2.58058 1.18893
2.39397 0.832845
3.09347 1.33981
2.84901 1.08616
3.08311 1.24759
2.51606 1.67394
4.59869 -2.18364
4.2928 -1.68401
3.72934 -1.80611
5.10777 -1.2081
4.93787 -1.67152
4.50868 -1.57086
3.95216 -1.7918
3.70432 -1.85248
4.05309 -1.92494
4.68511 -2.15315
4.27792 -2.11721
-4.98109 -3.30728
-4.95629 -3.9013
-2.44088 4.68993
-2.06785 4.47576
-2.24809 4.17494
1.41667 1.26396
0.997378 1.58275
1.64427 0.766881
1.88063 2.12178
0.982172 1.25157
1.72742 1.2661
0.878092 1.50131
1.40012 1.42194
1.02093 1.94432
1.09682 1.28286
0.841199 1.63067
1.6629 1.75111
-0.402963 -2.97609
-0.93688 -3.54639
-0.375358 -3.40278
-0.314101 -3.39329
4.25906 -3.31442
3.37966 -2.95107
3.30713 -3.16487
3.2098 -3.09634
3.27628 -2.27625
2.87909 -2.32166
3.45131 -2.44571
-0.696139 1.31962
-0.95999 1.55838
-0.892764 0.925577
-0.699734 1.77882
0.107718 1.82673
-1.18014 1.53768
-1.17655 1.4084
-0.0720126 1.51308
-0.768403 0.870349
2.8247 2.22147
2.45642 2.7949
2.7008 2.8454
2.88903 2.71288
2.36783 3.23709
0.60145 -0.261636
0.807465 -0.371627
0.586248 -0.060898
0.175785 0.42789
0.19061 -1.15847
0.168764 -0.601445
-0.04856 -0.749353
0.620522 0.0147668
0.87169 -0.652333
-0.448478 -0.159779
0.357962 -0.710606
-4.7538 -1.99377
-4.24148 -2.81121
0.0720649 3.82543
-0.0410371 4.20185
0.746612 3.488
1.02999 4.2639
0.417538 4.03998
1.03249 4.00573
1.52157 3.2508
0.540113 4.48613
0.925313 4.29399
0.526145 4.20628
1.07778 -1.42949
1.97086 -1.93123
1.50352 -1.09654
2.48902 -2.52745
2.45817 -1.63883
2.06098 -1.68424
2.63321 -1.80829
1.74208 -1.48786
2.16128 -2.05622
1.92473 -2.44359
2.05785 -1.79646
1.85207 -1.99889
1.03053 5.30875
1.0611 4.71662
1.0636 4.45845
1.27444 5.59705
0.57122 4.93885
0.95642 4.7467
0.557252 4.659
1.47581 4.91923
-3.47434 -0.823884
-3.9804 -0.651115
-4.00272 -0.943963
-3.52627 -0.493645
-3.6176 -0.800114
-4.31481 -0.995229
-0.0767927 4.42018
0.53816 4.38594
0.0457825 4.86634
-0.976255 4.68004
0.0318138 4.58649
-0.663451 -4.01169
0.0890574 -3.8804
-0.193275 -4.61645
-0.040671 -3.85859
-4.85933 1.25108
-4.81803 1.66324
-4.86778 1.58586
-4.74449 2.22876
-1.48121 1.36751
-1.41398 0.734702
-2.1004 0.949263
-1.62174 1.03968
-0.695005 -0.0496334
-2.06022 1.75817
-3.40029 -5.15936
-1.40564 -3.29152
-0.844119 -3.14792
-1.5397 -2.77826
1.0183 1.87334
1.61767 2.84825
1.70414 2.31658
0.899015 1.7919
1.04185 2.23491
0.692267 1.9984
1.10225 1.36285
0.629213 2.10902
1.33185 -0.162364
1.53787 -0.272356
1.91386 -0.191345
2.57094 -0.382904
2.07884 0.185226
1.40116 -0.477728
2.06957 -0.233102
1.66972 0.463716
1.60209 -0.553061
1.38764 -2.23166
1.31355 -0.47189
1.32129 -2.12835
0.66332 -1.9308
1.5859 -1.84306
2.15813 -1.9671
0.636304 -1.47702
1.58278 -1.95527
-0.369279 1.18874
0.39582 1.0031
-0.63313 1.42751
0.29174 1.25284
-0.440466 0.572375
-0.372875 1.64795
0.0502381 1.23692
0.510471 1.03439
0.084992 1.45935
0.254847 1.38221
-2.2583 1.41463
-1.8646 1.67794
-2.48379 1.2597
-2.08475 1.65724
-2.86069 0.716506
1.50421 -6.14322
2.22124 -2.10833
3.03183 -1.0372
2.32939 -1.96672
2.15489 -2.00503
3.38016 -1.55221
2.62159 -1.19209
2.41951 -1.71973
2.99173 -1.84377
3.03952 -1.66
2.79167 -1.72068
2.41638 -1.83194
2.21059 -2.03438
0.322613 -2.59612
1.90942 -3.07424
0.682582 -3.28718
0.541203 -3.03512
1.21677 -2.51632
0.5588 -2.31877
1.16248 -2.03464
0.443774 -2.2248
1.58169 -2.603
0.93885 -3.33827
1.34513 -2.99037
1.47826 -2.34324
1.27247 -2.54568
2.89269 0.530623
2.87888 -0.0661022
3.53596 -0.257661
3.74137 -0.637961
3.03459 -0.107859
3.2958 -0.941143
3.64458 -1.0136
3.47493 0.583996
3.03884 -0.0797627
3.23047 0.330349
2.53202 3.0871
2.8159 2.65121
3.46683 2.50466
3.06028 2.70171
3.24851 2.56919
2.72731 3.0934
3.16522 1.8542
-2.36232 -2.42687
-2.86757 -2.61779
-2.89547 -3.13935
2.71512 4.52503
2.86396 4.04228
1.93175 4.26918
2.97358 4.84086
2.34396 4.72997
-1.16626 -1.47943
-0.141686 -1.28384
0.284048 -0.95089
-1.24411 -1.51284
-0.196097 -1.53237
-0.217944 -0.975336
-0.0287451 -1.0845
-3.97034 -1.85485
-3.70155 -2.74474
-3.65831 -2.72856
-0.666006 -1.29407
-0.0117967 -1.54345
-0.126822 -1.44949
-0.148669 -0.892456
-0.365992 -1.04036
-0.038813 -1.08967
-2.99409 5.37002
1.75565 0.494284
2.14545 1.17202
2.36801 1.93019
2.29662 0.951866
1.68151 2.58934
1.46955 1.05999
2.61238 1.98069
2.2148 1.07452
1.5842 1.09127
2.02819 0.71843
2.7277 1.22539
2.48323 0.971746
2.71733 1.13317
-4.11565 -2.80402
-4.67053 -2.7595
-4.07241 -2.78784
-3.65328 -2.8805
1.73325 6.00392
3.1766 5.66982
3.08281 6.06311
3.30871 5.52713
0.941446 0.131517
1.29586 0.599618
1.14746 0.0215251
0.926243 0.332255
1.60661 0.601758
0.90012 1.27998
0.508759 -0.208292
0.976014 0.618512
0.960517 0.407919
2.11951 0.752634
-0.108483 0.233373
0.697958 -0.317453
0.199001 -4.1775
0.107654 -4.92586
0.260259 -4.168
0.787633 -4.49296
1.19489 6.28399
3.85708 0.444512
2.85465 0.446939
3.55416 0.953902
3.54379 0.861683
2.97674 1.28803
2.66721 -3.45804
2.59468 -3.67184
1.90202 -3.11393
1.63215 -4.1295
2.03039 -3.58798
2.16351 -2.94084
2.3675 3.12746
2.89575 2.74207
3.08399 2.60955
2.56279 3.13376
1.44209 2.27761
2.43365 2.3209
-1.90241 -4.20856
-1.10295 -3.46447
-1.85979 -3.10432
-2.57396 -3.33551
-2.89695 -1.93449
-2.13565 -2.07054
-2.03548 -1.5662
-2.6409 -2.26146
-2.6688 -2.78302
-3.05808 -5.69174
-3.2763 -5.39967
-2.64873 -5.42011
-2.85561 -5.91782
-2.57343 -5.80533
-4.79428 1.19322
-4.97707 1.13616
-5.51352 0.438822
-5.13025 0.734151
-2.21739 7.43161
1.0247 1.14879
0.605406 1.46758
1.26611 1.24844
0.590201 1.1364
0.655081 0.881431
0.486121 1.38614
1.00815 1.30677
0.628958 1.82915
0.244619 1.37022
0.279373 1.59265
0.449228 1.5155
0.689355 0.957096
0.216319 1.70326
1.80492 3.45957
1.11643 3.1651
0.787357 3.71708
1.2291 2.84623
0.715921 3.36358
2.60302 1.70617
2.82557 2.46434
2.62816 2.36856
3.06995 2.51484
3.25818 2.38232
2.73699 2.90653
3.1749 1.66732
-3.17349 4.64999
0.223934 -0.568868
-0.308068 -1.83703
-0.132494 -1.21718
-0.692435 -0.543888
-1.0569 -0.908433
-0.0195538 -1.01784
-6.21581 2.49913
1.86714 -2.45903
1.97529 -2.31742
2.2753 -2.83907
1.80079 -2.35573
2.4626 -2.02501
1.14282 -2.15817
2.16571 -2.4424
2.06228 -2.18264
1.8565 -2.38508
-3.88257 2.59439
-2.87952 3.11256
-2.75426 3.82012
-3.57702 1.53898
-3.75981 1.48192
-2.57145 1.34611
-2.39431 1.45944
-3.49035 1.74298
-0.710232 1.46734
-0.919066 2.70002
-0.0492125 1.53144
-1.11462 1.37828
-0.319015 1.84856
-1.00224 3.88128
-1.58071 3.78891
-1.11534 4.2577
-1.22771 3.95055
-1.03893 3.77954
-1.92925 4.56985
-1.73647 4.05486
-0.848468 -3.96817
4.74161 -0.875759
5.2447 -0.282512
5.22695 -0.345472
-0.592688 -6.63676
-5.69739 -1.14488
-0.716918 4.45677
-0.258343 4.2949
0.356609 4.26066
-0.829286 4.14963
-0.640504 3.97861
-0.135768 4.74106
-0.149737 4.46121
-0.979193 -0.18092
-1.92622 -0.310148
-1.34366 -0.545465
-1.72629 -0.37112
-1.11275 -0.104044
-3.3294 -0.585207
-3.91948 0.463095
-3.06784 -0.012621
-3.35596 -0.017051
-2.91532 0.584515
-3.29222 0.041323
-3.05049 0.0183989
-3.10124 -1.43374
0.045072 -3.45145
0.377437 -3.71582
0.236058 -3.46376
0.911624 -2.94496
0.106329 -3.44195
4.79496 -3.63229
4.68153 -2.97165
4.28614 -3.74105
4.5135 -3.97289
4.76795 -2.94117
2.26581 3.33368
2.5497 2.89779
2.77291 4.27131
3.20062 2.75124
2.79407 2.94829
1.68999 2.72034
2.46111 3.33998
2.33197 2.52712
-1.67952 -2.36248
-1.36443 -3.35702
-0.611925 -3.22573
-1.49849 -2.84376
-0.941587 -2.64753
-2.21266 -3.07496
-2.76923 4.85083
-3.78791 -1.68406
-4.29092 -1.56623
-4.4912 -1.62249
-4.577 -2.4116
-3.9058 -1.42238
-3.97889 -2.43994
-4.60302 -1.61749
-1.39468 3.28866
-0.852897 3.27929
-0.83644 2.67683
-0.441627 2.59884
-1.55044 3.55461
4.54193 -1.31804
4.16082 -1.42471
4.30374 -1.55942
3.74028 -1.68152
4.94882 -1.54692
4.51962 -1.44627
3.91532 -1.85098
4.06403 -1.80035
0.901269 -1.3673
1.79435 -1.86904
1.61985 -1.90735
1.99542 -0.789728
1.59556 -0.0929101
2.08655 -1.09442
1.56556 -1.42567
1.52794 -1.10969
2.03345 -1.29527
1.67555 -1.93671
-2.63354 2.4384
-2.66428 2.46337
-3.59378 2.51072
1.99328 -2.85162
2.10143 -2.71
2.40143 -3.23165
1.92693 -2.74831
2.76377 -2.58705
2.09407 -3.98597
2.29185 -2.83499
2.05529 -3.22236
2.18842 -2.57522
1.98263 -2.77766
1.35695 -2.83654
0.648266 -3.6457
0.506887 -3.39364
0.524484 -2.67729
0.409459 -2.58332
0.904534 -3.69679
2.2281 1.08487
2.46951 1.18452
2.93643 1.99319
1.68952 1.32222
2.21155 1.24285
3.12467 1.86067
2.35224 0.730927
3.05175 1.23789
2.47433 1.57202
-1.07954 -3.97707
-1.25622 -4.56806
-0.456762 -3.82397
-1.2136 -3.46381
-5.17417 -1.65532
3.62934 1.43826
4.55576 1.57539
3.91199 1.86514
3.69367 1.92967
3.62075 1.30689
3.37628 1.05324
3.61038 1.21467
3.04333 1.64102
-0.6762 -0.891102
-0.642545 -0.124699
-0.767984 0.0976281
-1.58958 -0.253927
-1.00701 -0.489244
-0.0490072 -0.686707
-0.643623 0.0424002
-0.776105 -0.0478228
1.03521 0.0915522
0.970332 0.878436
1.24122 -0.0184394
1.63103 0.659296
1.61722 0.0625716
1.02001 0.29229
1.37307 0.717633
0.602523 -0.248256
1.05428 0.367955
1.51377 0.205707
0.998687 0.00981859
1.81097 -0.484727
-1.51141 3.23292
-1.56643 2.23901
-1.78658 2.2183
-1.78299 2.08902
-1.70696 1.91118
-2.14544 2.62967
-1.0119 3.0247
-2.02018 3.33723
-1.72904 -3.44266
-1.8631 -2.9294
-2.54938 -2.63904
-2.57727 -3.16059
-0.646076 1.53848
-0.909927 1.77725
-0.649672 1.99769
-0.850823 0.998991
-5.00163 -1.30794
-5.11344 -1.30294
3.51181 1.49762
3.07214 1.09273
3.79446 1.92451
4.32534 1.04739
3.50322 1.36626
3.25876 1.11261
-1.77873 -4.24697
-2.42239 -2.85237
-2.45028 -3.37392
-3.94982 -3.67952
-4.52314 -4.24521
-5.55898 0.380601
-4.75307 1.339
-5.17571 0.67593
0.670789 -5.23069
-0.0586382 -6.19485
-0.0452688 -5.28026
