451
0.1	0.08
0.10200000000000001	0.08
0.10400000000000001	0.08
0.10600000000000001	0.08
0.10800000000000001	0.08
0.11	0.08
0.112	0.08
0.114	0.08
0.116	0.08
0.11800000000000001	0.08
0.12000000000000001	0.08
0.122	0.08
0.124	0.08
0.126	0.08
0.128	0.08
0.13	0.08
0.132	0.08
0.134	0.08
0.136	0.08
0.138	0.08
0.14	0.08
0.14200000000000002	0.08
0.14400000000000002	0.08
0.14600000000000002	0.08
0.14800000000000002	0.08
0.15000000000000002	0.08
0.15200000000000002	0.08
0.154	0.08
0.156	0.08
0.158	0.08
0.16	0.08
0.162	0.08
0.164	0.08
0.166	0.08
0.168	0.08
0.17	0.08
0.17200000000000001	0.08
0.174	0.08
0.176	0.08
0.178	0.08
0.18	0.08
0.182	0.08
0.184	0.08
0.186	0.08
0.188	0.08
0.19	0.08
0.192	0.08
0.194	0.08
0.196	0.08
0.198	0.08
0.2	0.08
0.202	0.08
0.20400000000000001	0.08
0.20600000000000002	0.08
0.20800000000000002	0.08
0.21000000000000002	0.08
0.21200000000000002	0.08
0.21400000000000002	0.08
0.21600000000000003	0.08
0.21800000000000003	0.08
0.22	0.08
0.222	0.08
0.224	0.08
0.226	0.08
0.228	0.08
0.23	0.08
0.232	0.08
0.234	0.08
0.23600000000000002	0.08
0.23800000000000002	0.08
0.24000000000000002	0.08
0.24200000000000002	0.08
0.24400000000000002	0.08
0.246	0.08
0.248	0.08
0.25	0.08
0.252	0.08
0.254	0.08
0.256	0.08
0.258	0.08
0.26	0.08
0.262	0.08
0.264	0.08
0.266	0.08
0.268	0.08
0.27	0.08
0.272	0.08
0.274	0.08
0.276	0.08
0.278	0.08
0.28	0.08
0.28200000000000003	0.08
0.28400000000000003	0.08
0.28600000000000003	0.08
0.28800000000000003	0.08
0.29000000000000004	0.08
0.29200000000000004	0.08
0.29400000000000004	0.08
0.29600000000000004	0.08
0.29800000000000004	0.08
0.30000000000000004	0.08
0.30200000000000005	0.08
0.30400000000000005	0.08
0.30600000000000005	0.08
0.30800000000000005	0.08
0.31	0.08
0.312	0.08
0.314	0.08
0.316	0.08
0.318	0.08
0.32	0.08
0.322	0.08
0.324	0.08
0.326	0.08
0.328	0.08
0.33	0.08
0.332	0.08
0.334	0.08
0.336	0.08
0.338	0.08
0.33999999999999997	0.08
0.34199999999999997	0.08
0.344	0.08
0.346	0.08
0.348	0.08
0.35	0.08
0.352	0.08
0.354	0.08
0.356	0.08
0.358	0.08
0.36	0.08
0.362	0.08
0.364	0.08
0.366	0.08
0.368	0.08
0.37	0.08
0.372	0.08
0.374	0.08
0.376	0.08
0.378	0.08
0.38	0.08
0.382	0.08
0.384	0.08
0.386	0.08
0.388	0.08
0.39	0.08
0.392	0.08
0.394	0.08
0.396	0.08
0.398	0.08
0.4	0.08
0.402	0.08
0.404	0.08
0.406	0.08
0.40800000000000003	0.08
0.41000000000000003	0.08
0.41200000000000003	0.08
0.41400000000000003	0.08
0.41600000000000004	0.08
0.41800000000000004	0.08
0.42000000000000004	0.08
0.42200000000000004	0.08
0.42400000000000004	0.08
0.42600000000000005	0.08
0.42800000000000005	0.08
0.43000000000000005	0.08
0.43200000000000005	0.08
0.43400000000000005	0.08
0.43600000000000005	0.08
0.43800000000000006	0.08
0.44000000000000006	0.08
0.44200000000000006	0.08
0.44400000000000006	0.08
0.44600000000000006	0.08
0.44800000000000006	0.08
0.45000000000000007	0.08
0.45199999999999996	0.08
0.45399999999999996	0.08
0.45599999999999996	0.08
0.45799999999999996	0.08
0.45999999999999996	0.08
0.46199999999999997	0.08
0.46399999999999997	0.08
0.46599999999999997	0.08
0.46799999999999997	0.08
0.47	0.08
0.472	0.08
0.474	0.08
0.476	0.08
0.478	0.08
0.48	0.08
0.482	0.08
0.484	0.08
0.486	0.08
0.488	0.08
0.49	0.08
0.492	0.08
0.494	0.08
0.496	0.08
0.498	0.08
0.5	0.08
0.502	0.08
0.504	0.08
0.506	0.08
0.508	0.08
0.51	0.08
0.512	0.08
0.514	0.08
0.516	0.08
0.518	0.08
0.52	0.08
0.522	0.08
0.524	0.08
0.526	0.08
0.528	0.08
0.53	0.08
0.532	0.08
0.534	0.08
0.536	0.08
0.538	0.08
0.54	0.08
0.542	0.08
0.544	0.08
0.546	0.08
0.548	0.08
0.55	0.08
0.552	0.08
0.554	0.08
0.556	0.08
0.558	0.08
0.56	0.08
0.562	0.08
0.5640000000000001	0.08
0.5660000000000001	0.08
0.5680000000000001	0.08
0.5700000000000001	0.08
0.5720000000000001	0.08
0.5740000000000001	0.08
0.5760000000000001	0.08
0.5780000000000001	0.08
0.58	0.08
0.582	0.08
0.584	0.08
0.586	0.08
0.588	0.08
0.59	0.08
0.592	0.08
0.594	0.08
0.596	0.08
0.598	0.08
0.6	0.08
0.602	0.08
0.604	0.08
0.606	0.08
0.608	0.08
0.61	0.08
0.612	0.08
0.614	0.08
0.616	0.08
0.618	0.08
0.62	0.08
0.622	0.08
0.624	0.08
0.626	0.08
0.628	0.08
0.63	0.08
0.632	0.08
0.634	0.08
0.636	0.08
0.638	0.08
0.64	0.08
0.642	0.08
0.644	0.08
0.646	0.08
0.648	0.08
0.65	0.08
0.652	0.08
0.654	0.08
0.656	0.08
0.658	0.08
0.66	0.08
0.662	0.08
0.664	0.08
0.666	0.08
0.668	0.08
0.67	0.08
0.672	0.08
0.674	0.08
0.676	0.08
0.6779999999999999	0.08
0.6799999999999999	0.08
0.6819999999999999	0.08
0.6839999999999999	0.08
0.6859999999999999	0.08
0.688	0.08
0.69	0.08
0.692	0.08
0.694	0.08
0.696	0.08
0.698	0.08
0.7	0.08
0.702	0.08
0.704	0.08
0.706	0.08
0.708	0.08
0.71	0.08
0.712	0.08
0.714	0.08
0.716	0.08
0.718	0.08
0.72	0.08
0.722	0.08
0.724	0.08
0.726	0.08
0.728	0.08
0.73	0.08
0.732	0.08
0.734	0.08
0.736	0.08
0.738	0.08
0.74	0.08
0.742	0.08
0.744	0.08
0.746	0.08
0.748	0.08
0.75	0.08
0.752	0.08
0.754	0.08
0.756	0.08
0.758	0.08
0.76	0.08
0.762	0.08
0.764	0.08
0.766	0.08
0.768	0.08
0.77	0.08
0.772	0.08
0.774	0.08
0.776	0.08
0.778	0.08
0.78	0.08
0.782	0.08
0.784	0.08
0.786	0.08
0.788	0.08
0.79	0.08
0.792	0.08
0.794	0.08
0.796	0.08
0.798	0.08
0.8	0.08
0.802	0.08
0.8039999999999999	0.08
0.8059999999999999	0.08
0.8079999999999999	0.08
0.8099999999999999	0.08
0.8119999999999999	0.08
0.814	0.08
0.816	0.08
0.818	0.08
0.82	0.08
0.822	0.08
0.824	0.08
0.826	0.08
0.828	0.08
0.83	0.08
0.832	0.08
0.834	0.08
0.836	0.08
0.838	0.08
0.84	0.08
0.842	0.08
0.844	0.08
0.846	0.08
0.848	0.08
0.85	0.08
0.852	0.08
0.854	0.08
0.856	0.08
0.858	0.08
0.86	0.08
0.862	0.08
0.864	0.08
0.866	0.08
0.868	0.08
0.87	0.08
0.872	0.08
0.874	0.08
0.876	0.08
0.878	0.08
0.88	0.08
0.882	0.08
0.884	0.08
0.886	0.08
0.888	0.08
0.89	0.08
0.892	0.08
0.894	0.08
0.896	0.08
0.898	0.08
0.9	0.08
0.902	0.08
0.904	0.08
0.906	0.08
0.908	0.08
0.91	0.08
0.912	0.08
0.914	0.08
0.916	0.08
0.918	0.08
0.92	0.08
0.922	0.08
0.924	0.08
0.926	0.08
0.928	0.08
0.93	0.08
0.932	0.08
0.9339999999999999	0.08
0.9359999999999999	0.08
0.938	0.08
0.94	0.08
0.942	0.08
0.944	0.08
0.946	0.08
0.948	0.08
0.95	0.08
0.952	0.08
0.954	0.08
0.956	0.08
0.958	0.08
0.96	0.08
0.962	0.08
0.964	0.08
0.966	0.08
0.968	0.08
0.97	0.08
0.972	0.08
0.974	0.08
0.976	0.08
0.978	0.08
0.98	0.08
0.982	0.08
0.984	0.08
0.986	0.08
0.988	0.08
0.99	0.08
0.992	0.08
0.994	0.08
0.996	0.08
0.998	0.08
1.	0.08
