0.13957
0.1349799999999999
0.13957
0.49368
0.49368
0.4976499999999999
0.4976499999999999
0.5477499999999999
0.7758
0.7758
0.7758
0.78259
0.89166
0.89166
0.8961
0.8961
0.93827
0.93827
0.93957
0.93957
0.9577799999999999
0.9740999999999999
0.9847
0.9847
0.9847
1.01946
1.11568
1.11568
1.169999999999999
1.18937
1.18937
1.192639999999999
1.192639999999999
1.197449999999999
1.197449999999999
1.2295
1.2295
1.2295
1.23
1.23
1.23
1.232
1.232
1.232
1.232
1.232
1.232
1.232
1.232
1.272999999999999
1.272999999999999
1.272999999999999
1.272999999999999
1.2754
1.2818
1.294
1.3
1.3
1.3
1.314829999999999
1.314829999999999
1.32131
1.32131
1.3183
1.3183
1.3183
1.375999999999999
1.375999999999999
1.375999999999999
1.3828
1.3828
1.383699999999999
1.383699999999999
1.3872
1.3872
1.399999999999999
1.401999999999999
1.401999999999999
1.401999999999999
1.401999999999999
1.4065
1.4065
1.413999999999999
1.413999999999999
1.413999999999999
1.413999999999999
1.4103
1.411999999999999
1.411999999999999
1.411999999999999
1.411999999999999
1.419
1.426299999999999
1.4256
1.4256
1.432399999999999
1.432399999999999
1.439999999999999
1.439999999999999
1.439999999999999
1.439999999999999
1.465
1.465
1.465
1.474
1.474
1.474
1.476
1.506999999999999
1.5195
1.5195
1.52
1.52
1.52
1.52
1.524999999999999
1.5318
1.5318
1.534999999999999
1.534999999999999
1.534999999999999
1.534999999999999
1.534999999999999
1.534999999999999
1.6
1.6
1.6
1.6
1.6
1.6
1.6
1.6
1.6
1.6
1.617
1.629999999999999
1.629999999999999
1.629999999999999
1.629999999999999
1.629999999999999
1.629999999999999
1.629999999999999
1.629999999999999
1.653
1.653
1.653
1.655
1.655
1.655
1.655
1.659999999999999
1.659999999999999
1.659999999999999
1.659999999999999
1.659999999999999
1.659999999999999
1.669999999999999
1.667
1.669999999999999
1.669999999999999
1.669999999999999
1.669999999999999
1.669999999999999
1.669999999999999
1.669999999999999
1.669999999999999
1.6724
1.6724
1.6724
1.67243
1.67243
1.675
1.675
1.675
1.675
1.679999999999999
1.685
1.685
1.685
1.685
1.6888
1.6888
1.6888
1.689999999999999
1.689999999999999
1.689999999999999
1.689999999999999
1.689999999999999
1.689999999999999
1.7
1.7
1.7
1.7
1.7
1.7
1.7
1.7
1.7
1.7
1.7
1.7
1.71
1.71
1.71
1.71
1.715
1.717
1.717
1.717
1.717
1.72
1.72
1.72
1.72
1.72
1.72
1.72
1.75
1.75
1.75
1.75
1.75
1.75
1.772999999999999
1.772999999999999
1.772999999999999
1.772999999999999
1.774999999999999
1.774999999999999
1.774999999999999
1.774999999999999
1.774999999999999
1.774999999999999
1.776
1.776
1.776
1.776
1.8
1.8
1.81
1.81
1.812
1.812
1.812
1.816
1.816
1.816
1.816
1.82
1.82
1.823
1.823
1.823
1.823
1.83
1.83
1.854
1.889999999999999
1.889999999999999
1.889999999999999
1.889999999999999
1.889999999999999
1.889999999999999
1.889999999999999
1.889999999999999
1.889999999999999
1.889999999999999
1.909999999999999
1.909999999999999
1.909999999999999
1.909999999999999
1.909999999999999
1.909999999999999
1.909999999999999
1.909999999999999
1.915
1.915
1.915
1.915
1.915
1.915
1.919999999999999
1.919999999999999
1.919999999999999
1.919999999999999
1.919999999999999
1.919999999999999
1.919999999999999
1.919999999999999
1.929999999999999
1.929999999999999
1.929999999999999
1.929999999999999
1.929999999999999
1.929999999999999
1.929999999999999
1.929999999999999
1.939999999999999
1.939999999999999
1.939999999999999
1.939999999999999
1.939999999999999
1.939999999999999
1.945
1.95
1.95
1.95
1.95
1.96
1.96
1.96
1.96
1.96
1.96
1.96
1.96
2.011
2.251999999999999
2.251999999999999
