#1-tau	2-e_x	3-e_p	4-totalptx	5-totalpty	6-mome1c	7-mome1s	8-mome2c	9-mome2s	10-mome3c	11-mome3s	12-eps1c	13-eps1s	14-eps2c	15-eps2s	16-eps3c	17-eps3s	18-eps4c	19-eps4s	20-eps5c	21-eps5s	22-eps6c	23-eps5s
0.5	-0.449262	0	0	0	0	0	0	0	0	0	0.0821044	0.119267	0.44927	0.0746938	0.151648	0.462947	0.0610335	0.0297956	0.0728328	0.379482	-0.205399	0.0335164	0.0353941	0.0518878
0.550023	-0.247512	2.32952e-05	-0.000535178	-0.000543325	-2.80267e-05	-1.29806e-05	-2.28779e-05	4.38134e-05	9.98504e-07	-2.01441e-06	0.0567675	0.0611605	0.247808	0.0327277	0.0356726	0.137831	-0.0537232	-0.000397258	-0.0140284	0.00133861	-0.0172196	-0.00154339	0.0057096	-0.0211835
0.600045	-0.159711	7.19893e-05	-0.000813681	-0.000964626	-0.000106139	-4.94814e-05	-8.96966e-05	0.000170011	7.77204e-06	-1.56518e-05	0.0388171	0.0428787	0.160011	0.0193994	0.0132104	0.0695533	-0.173053	-0.000601796	-0.0187994	-0.0127533	-0.0120708	0.000920157	0.00646649	-0.0184993
0.650068	-0.115766	0.000121709	-0.000535616	-0.00108046	-0.000226581	-0.000107304	-0.000198413	0.000368968	2.5289e-05	-5.11038e-05	0.030427	0.0338149	0.116035	0.0141278	0.00745064	0.045726	-0.250399	-8.68701e-05	-0.0192293	-0.0145355	-0.00826818	0.000805117	0.00402189	-0.013964
0.700091	-0.0903456	0.000159635	0.000516706	-0.000835194	-0.000383143	-0.000184151	-0.000345976	0.000627326	5.69996e-05	-0.000116535	0.0259354	0.0279479	0.0906014	0.0115338	0.00572747	0.0338258	-0.297017	5.2614e-05	-0.0187878	-0.0138985	-0.00610259	0.000416235	0.00234064	-0.0109892
0.750113	-0.0736223	0.000173137	0.0024061	-0.000168269	-0.000569258	-0.000278343	-0.00052962	0.000932887	0.000105061	-0.000218263	0.0231317	0.024121	0.0738608	0.00944581	0.00473735	0.0267259	-0.32631	2.26398e-06	-0.0180705	-0.0129047	-0.0047917	-4.60711e-05	0.00129183	-0.0089608
0.800136	-0.0618102	0.000149121	0.00513282	0.000842655	-0.000778011	-0.000386143	-0.000748541	0.00127374	0.000169747	-0.000359557	0.0210908	0.0212329	0.0620354	0.00774294	0.00406319	0.0220452	-0.345605	-4.48322e-05	-0.0173244	-0.0119282	-0.00390837	-0.000193356	0.000718667	-0.00755188
0.850159	-0.0530092	9.98842e-05	0.00850617	0.002274	-0.00100157	-0.000508837	-0.000997479	0.0016327	0.000250003	-0.00054069	0.0197274	0.0190046	0.0532209	0.00669466	0.00351338	0.0188139	-0.359182	6.75627e-06	-0.0165195	-0.0110474	-0.00326938	-0.000112264	0.000402682	-0.00652146
0.900182	-0.046238	1.31752e-05	0.0124247	0.00402861	-0.00123125	-0.000640935	-0.00127245	0.0019954	0.00034255	-0.000760426	0.0187287	0.0172513	0.0464383	0.00585578	0.00295137	0.016403	-0.368875	-7.9663e-05	-0.0160716	-0.0102906	-0.00280843	-0.000114842	0.000335672	-0.0057716
0.950204	-0.0409254	-0.000115569	0.0170154	0.00629961	-0.00145919	-0.000780553	-0.00157374	0.00234929	0.00044278	-0.00101532	0.0176735	0.0157009	0.0411191	0.00538613	0.00246304	0.0144462	-0.376278	-8.34507e-05	-0.0154703	-0.00947686	-0.00244796	-0.000113919	0.000330687	-0.00517664
1.00023	-0.03661	-0.00027823	0.0219686	0.00870823	-0.00167787	-0.000923984	-0.00189605	0.00268123	0.000544314	-0.00129966	0.0168947	0.0145778	0.0367956	0.00505964	0.00213866	0.0129453	-0.382077	-8.76568e-05	-0.0150371	-0.00887394	-0.00218412	-0.000180693	0.000327984	-0.00470988
1.05025	-0.033107	-0.000466489	0.0273464	0.0111661	-0.001881	-0.00106746	-0.0022355	0.00298522	0.000640618	-0.00160696	0.0161469	0.0136311	0.0332841	0.00458109	0.00188303	0.0117275	-0.386674	-0.000132089	-0.0146389	-0.00842099	-0.00198033	-0.000283218	0.000327168	-0.00436091
1.10027	-0.0301434	-0.000688321	0.0325171	0.0143748	-0.00206013	-0.00121101	-0.00259456	0.00325467	0.000726168	-0.0019313	0.0153669	0.0127733	0.0303105	0.00421374	0.00169903	0.0106718	-0.390441	-0.000131145	-0.0141927	-0.00807143	-0.00181666	-0.000311742	0.00027446	-0.00405293
1.1503	-0.0276338	-0.000957861	0.0372609	0.0173083	-0.00220997	-0.00134579	-0.00296977	0.00347981	0.000793234	-0.0022641	0.0146534	0.0118866	0.027795	0.00398755	0.00152373	0.0097948	-0.393548	-0.000101557	-0.0136559	-0.00756987	-0.0016778	-0.000323679	0.000208633	-0.00375362
1.20032	-0.0255195	-0.00126818	0.0412587	0.020004	-0.00232676	-0.00147117	-0.00335641	0.00365942	0.000836063	-0.00259953	0.0139993	0.0112159	0.0256739	0.00367141	0.00141143	0.00898628	-0.396134	-0.000125849	-0.0131763	-0.00718836	-0.00155913	-0.000367113	0.000173602	-0.0035043
1.25034	-0.0236284	-0.00161816	0.044788	0.0228428	-0.00241307	-0.00158793	-0.00375269	0.00379254	0.00085009	-0.00293055	0.0134647	0.0106034	0.0237764	0.00331919	0.00132057	0.00827827	-0.398354	-0.000135118	-0.0127339	-0.0068712	-0.00146499	-0.000370037	0.000135145	-0.00328537
1.30036	-0.021852	-0.00199577	0.0472952	0.0259698	-0.00246575	-0.00169453	-0.00415687	0.00388333	0.000831575	-0.00325456	0.0129523	0.0100411	0.0219938	0.00303062	0.00122885	0.00765825	-0.400297	-0.000119445	-0.0123563	-0.00659856	-0.001379	-0.000330681	0.000113879	-0.00308537
1.35039	-0.0202757	-0.00242257	0.0490786	0.0285965	-0.00248835	-0.0017873	-0.00457112	0.00393023	0.000780272	-0.00356705	0.012416	0.00957819	0.0204097	0.00278321	0.00118693	0.00715691	-0.40197	-0.000100067	-0.0119234	-0.00638264	-0.00128423	-0.000283765	8.3965e-05	-0.00290086
1.40041	-0.0189151	-0.00286865	0.0495355	0.0307284	-0.00248257	-0.00186718	-0.00498717	0.00394036	0.000696237	-0.00386774	0.0119322	0.00911496	0.0190414	0.00261872	0.00112496	0.00667678	-0.403483	-9.3598e-05	-0.0114465	-0.00617625	-0.00119676	-0.000259363	5.03737e-05	-0.00273929
1.45043	-0.017715	-0.00336767	0.0488583	0.0324911	-0.00245236	-0.00193452	-0.0054042	0.00391508	0.000581856	-0.00415515	0.0115422	0.00872131	0.0178345	0.00247837	0.00103486	0.00627251	-0.404816	-8.82667e-05	-0.0111408	-0.00600661	-0.00113315	-0.000265955	4.56087e-05	-0.0025829
1.50045	-0.0166238	-0.00392984	0.0473072	0.0340555	-0.00240525	-0.00199244	-0.005823	0.00385939	0.000440187	-0.00443031	0.0111474	0.00829583	0.0167394	0.00232069	0.000917456	0.00587994	-0.406033	-8.15502e-05	-0.0108502	-0.00575182	-0.00107925	-0.000265878	4.71021e-05	-0.00243825
1.55048	-0.0156003	-0.00461872	0.0448902	0.0352543	-0.00234519	-0.00204005	-0.00623598	0.00377785	0.000277289	-0.0046933	0.0107586	0.00794023	0.0157111	0.00230522	0.000834972	0.00553424	-0.407124	-7.32048e-05	-0.0105135	-0.00555025	-0.00102602	-0.000266686	4.41627e-05	-0.00231269
1.6005	-0.0147822	-0.00544858	0.0422288	0.036402	-0.00227881	-0.00207967	-0.00664205	0.00367497	9.85998e-05	-0.00494573	0.0104028	0.0076448	0.0148877	0.00224869	0.000753167	0.00517859	-0.408059	-7.75408e-05	-0.0102282	-0.00542141	-0.000973959	-0.000308527	4.63437e-05	-0.00220224
1.65052	-0.0140268	-0.00624243	0.0386374	0.0368084	-0.00220751	-0.0021087	-0.00703979	0.00354851	-9.11603e-05	-0.00518625	0.0100291	0.00730265	0.0141285	0.00219576	0.000715555	0.00489079	-0.408921	-8.06895e-05	-0.00990529	-0.0052084	-0.000944604	-0.000345572	4.24981e-05	-0.00208709
1.70054	-0.0133668	-0.00706107	0.0343401	0.0363067	-0.0021358	-0.00212831	-0.00743074	0.00340353	-0.000287353	-0.00541613	0.00966592	0.00697249	0.0134653	0.0021513	0.000671602	0.00461395	-0.409702	-7.51821e-05	-0.00956997	-0.00497813	-0.000915867	-0.000376854	2.99422e-05	-0.00199021
1.75057	-0.012675	-0.00786179	0.0298886	0.0348081	-0.00206735	-0.00214059	-0.00781552	0.00324179	-0.000485876	-0.00563476	0.0093752	0.00673082	0.01277	0.00212283	0.000645187	0.00434528	-0.410427	-7.77237e-05	-0.00934527	-0.00486009	-0.000891006	-0.000406161	2.57009e-05	-0.00190574
1.80059	-0.0120119	-0.00861706	0.0256968	0.0327388	-0.0020039	-0.00214801	-0.00819478	0.00306584	-0.000683231	-0.00584272	0.00902244	0.00642783	0.0121043	0.00206965	0.000616063	0.00411496	-0.411098	-7.63088e-05	-0.0090454	-0.00465771	-0.000856636	-0.00043079	1.06839e-05	-0.00182008
1.85061	-0.0114123	-0.00933525	0.0218032	0.0305215	-0.00194639	-0.00215318	-0.00856696	0.00287763	-0.000876352	-0.00603951	0.00867358	0.00612704	0.0115026	0.00199831	0.000586811	0.00389674	-0.411727	-7.34141e-05	-0.00871357	-0.00441639	-0.00082303	-0.000444445	-4.91534e-06	-0.00174718
1.90064	-0.0108848	-0.010039	0.0180164	0.028475	-0.00189453	-0.00215794	-0.00892965	0.0026798	-0.00106312	-0.00622378	0.008414	0.00587102	0.0109741	0.00197071	0.000556227	0.00371286	-0.412295	-6.74646e-05	-0.00848896	-0.00420354	-0.000795062	-0.000450323	-9.64338e-06	-0.00169206
1.95066	-0.0103824	-0.0107291	0.0144374	0.0265554	-0.00184803	-0.002163	-0.00928286	0.00247549	-0.0012423	-0.00639571	0.0081503	0.00563791	0.0104706	0.00194803	0.000563121	0.00353908	-0.412832	-6.27234e-05	-0.00829959	-0.00404159	-0.000773265	-0.000463392	-1.5351e-05	-0.00165123
2.00068	-0.0098828	-0.0114062	0.0110832	0.0247667	-0.00180638	-0.00216882	-0.00962457	0.00226711	-0.00141273	-0.00655431	0.00785476	0.005387	0.00997005	0.00190801	0.000564332	0.00337068	-0.413339	-5.43695e-05	-0.00804475	-0.00384786	-0.000748443	-0.000479757	-4.52679e-05	-0.00160631
2.0507	-0.00945917	-0.0120702	0.00796584	0.0230887	-0.00176921	-0.00217582	-0.00995356	0.00205713	-0.00157357	-0.00669935	0.00753	0.00521769	0.00954275	0.00183804	0.000577229	0.00323688	-0.413788	-4.96787e-05	-0.00772267	-0.0037562	-0.000721515	-0.000490865	-6.80961e-05	-0.00156875
2.10073	-0.0090575	-0.0127216	0.00497807	0.0213893	-0.00173635	-0.00218409	-0.0102685	0.00184784	-0.00172423	-0.00683048	0.00728294	0.00502591	0.00913871	0.001755	0.000591195	0.00311722	-0.414213	-5.38819e-05	-0.00750077	-0.0036453	-0.000704887	-0.00048723	-8.47717e-05	-0.00153257
2.15075	-0.00867863	-0.0133614	0.00215822	0.0196857	-0.00170751	-0.00219389	-0.0105697	0.00164134	-0.00186454	-0.00694848	0.00705677	0.00481624	0.00875832	0.0016878	0.000599882	0.00299051	-0.414628	-5.43144e-05	-0.00730325	-0.00350638	-0.000689882	-0.000467803	-0.000101164	-0.00149505
2.20077	-0.00826715	-0.0139883	-0.000481669	0.0179713	-0.00168181	-0.00220497	-0.0108541	0.00143849	-0.00199396	-0.00705205	0.00684286	0.00468912	0.00834416	0.00168855	0.00059859	0.00287302	-0.415036	-5.92651e-05	-0.00714951	-0.00346165	-0.000673066	-0.000457281	-0.000119	-0.00145674
2.25079	-0.00790358	-0.0146019	-0.00286912	0.0163013	-0.00165894	-0.00221658	-0.0111219	0.00124071	-0.00211253	-0.00714194	0.00655372	0.00446	0.00797866	0.00165876	0.000600071	0.00275089	-0.41542	-6.00883e-05	-0.00686775	-0.00329726	-0.000650686	-0.000466672	-0.000140267	-0.00141408
2.30082	-0.00757711	-0.0152004	-0.00515261	0.0145135	-0.00163863	-0.00222853	-0.0113708	0.00104882	-0.00222001	-0.00721723	0.00634381	0.00429505	0.00765053	0.00163542	0.00057578	0.00261063	-0.415797	-5.61313e-05	-0.00667622	-0.00317834	-0.000634194	-0.000476182	-0.000153525	-0.00137258
2.35084	-0.00730303	-0.0157834	-0.00720735	0.0127212	-0.00162031	-0.00224001	-0.0116004	0.000864021	-0.00231654	-0.00727836	0.00606624	0.00410633	0.00737403	0.00161099	0.000566321	0.00249804	-0.416124	-4.92134e-05	-0.00638936	-0.00303808	-0.000620414	-0.000478737	-0.00015704	-0.0013328
2.40086	-0.00701562	-0.0163496	-0.00923432	0.0107154	-0.00160394	-0.00225052	-0.0118097	0.00068672	-0.00240214	-0.00732506	0.00591339	0.00396828	0.00708508	0.00158798	0.000534322	0.00238957	-0.416435	-4.81258e-05	-0.0062525	-0.00295215	-0.000613301	-0.000482523	-0.000156159	-0.00130037
2.45089	-0.00671788	-0.0168978	-0.0110865	0.00863993	-0.0015886	-0.00225925	-0.011998	0.00051735	-0.002477	-0.00735754	0.00573375	0.00380262	0.00678666	0.00158543	0.000513199	0.0022858	-0.416724	-5.40793e-05	-0.00612339	-0.0028294	-0.000600903	-0.000487255	-0.0001514	-0.00126751
2.50091	-0.00644349	-0.0174278	-0.0127712	0.00648733	-0.00157407	-0.0022659	-0.0121663	0.000356127	-0.00254161	-0.00737684	0.00552619	0.00366276	0.00651061	0.00155566	0.000517383	0.00219477	-0.416983	-5.99764e-05	-0.00594264	-0.00273919	-0.000586694	-0.000499864	-0.000161689	-0.00123816
2.55093	-0.0061816	-0.0179383	-0.0143525	0.00419722	-0.00156004	-0.00226971	-0.0123141	0.00020376	-0.00259619	-0.0073831	0.00532784	0.00351276	0.006247	0.00153129	0.000512057	0.0020845	-0.417257	-5.46614e-05	-0.0057487	-0.00264077	-0.000572771	-0.000505168	-0.000177863	-0.0012076
2.60095	-0.00594548	-0.0184282	-0.0158089	0.00180167	-0.00154599	-0.00227029	-0.0124413	5.99411e-05	-0.00264107	-0.00737663	0.00514016	0.00335356	0.00600976	0.00150265	0.000484291	0.00199016	-0.417504	-4.64979e-05	-0.00557553	-0.00251867	-0.000559047	-0.000505322	-0.000182674	-0.00117388
2.65098	-0.00574068	-0.0188958	-0.0171986	-0.000743912	-0.00153178	-0.00226733	-0.0125476	-7.50305e-05	-0.00267659	-0.00735771	0.00497139	0.00323204	0.00580345	0.00150123	0.000454083	0.00190616	-0.417748	-3.24708e-05	-0.00540931	-0.00242652	-0.000550939	-0.000505798	-0.000181335	-0.00114714
2.701	-0.00549553	-0.0193429	-0.0185046	-0.00340519	-0.00151718	-0.00226062	-0.0126354	-0.000201516	-0.00270347	-0.00732761	0.00480929	0.00307188	0.00555782	0.00149774	0.000435417	0.0018274	-0.417975	-2.89218e-05	-0.00525939	-0.00228981	-0.000546409	-0.00051259	-0.000174778	-0.00112743
2.75102	-0.00527574	-0.0197671	-0.0196529	-0.00608891	-0.00150175	-0.0022503	-0.012704	-0.000319715	-0.00272204	-0.00728645	0.00458324	0.00298991	0.00533486	0.0014808	0.000435099	0.00175811	-0.418221	-2.66465e-05	-0.00500189	-0.00223971	-0.00053538	-0.000520552	-0.000172283	-0.00111234
2.80104	-0.00503107	-0.0201689	-0.0208734	-0.00900499	-0.00148586	-0.0022359	-0.0127548	-0.00042981	-0.00273284	-0.00723499	0.00446658	0.00289825	0.00508819	0.00146942	0.000434539	0.00168967	-0.418446	-2.33377e-05	-0.00488473	-0.00221097	-0.000524769	-0.00052772	-0.000166165	-0.00109794
2.85107	-0.00481432	-0.0205479	-0.0220141	-0.0119782	-0.00146904	-0.00221759	-0.0127886	-0.000531951	-0.00273638	-0.00717394	0.00431885	0.00279905	0.00486948	0.0014558	0.000424663	0.00162828	-0.418667	-1.16655e-05	-0.00475138	-0.00216355	-0.00051296	-0.000530886	-0.000162417	-0.00107286
2.90109	-0.00462609	-0.020904	-0.0231327	-0.0150434	-0.00145126	-0.00219544	-0.0128063	-0.000626702	-0.00273305	-0.0071038	0.00419559	0.00268898	0.00468071	0.00140192	0.000419559	0.00154347	-0.418894	-1.72468e-05	-0.00465781	-0.0020857	-0.000501102	-0.000530562	-0.000165678	-0.0010501
2.95111	-0.00445888	-0.0212358	-0.0242143	-0.018165	-0.00143243	-0.00216935	-0.0128075	-0.000714014	-0.00272306	-0.00702459	0.0040539	0.00257532	0.0045125	0.00136973	0.000403077	0.00146262	-0.419096	-1.54811e-05	-0.00451825	-0.00199908	-0.000494125	-0.00051942	-0.000177271	-0.00102656
3.00113	-0.00428676	-0.0215444	-0.025275	-0.0213371	-0.00141253	-0.00213969	-0.012794	-0.000794375	-0.00270691	-0.0069372	0.00392802	0.00248543	0.00433961	0.00134864	0.00038122	0.00138961	-0.419279	-2.22025e-05	-0.00441798	-0.00193215	-0.000491824	-0.000509511	-0.000176323	-0.00100702
3.05116	-0.00406788	-0.0218308	-0.0263351	-0.0245608	-0.00139178	-0.00210673	-0.0127674	-0.000868233	-0.0026852	-0.0068427	0.0038189	0.00241344	0.00411971	0.00130853	0.000346994	0.00132264	-0.419478	-1.77995e-05	-0.0043282	-0.00188954	-0.000485863	-0.000504627	-0.000178055	-0.000989534
3.10118	-0.00387462	-0.0220836	-0.0277386	-0.0281526	-0.00137727	-0.00206499	-0.0127224	-0.000945631	-0.0026568	-0.00673625	0.0037061	0.00235287	0.00392448	0.00129441	0.000357588	0.00125599	-0.419652	-1.4393e-05	-0.00421827	-0.0018861	-0.000473815	-0.000496994	-0.000180326	-0.000973638
3.1512	-0.00370397	-0.0223157	-0.0291023	-0.0317043	-0.00136062	-0.00202114	-0.0126665	-0.00101468	-0.00262432	-0.00662513	0.00359895	0.0022439	0.00375299	0.00128623	0.000349939	0.00116601	-0.419826	-6.32945e-06	-0.00411336	-0.00181019	-0.000462474	-0.000496526	-0.000186536	-0.000943583
3.20123	-0.00351677	-0.0225141	-0.0306155	-0.0353771	-0.00134642	-0.00196271	-0.0125938	-0.00108197	-0.0025867	-0.00650227	0.00351415	0.00216262	0.00356507	0.0012519	0.000353266	0.00109445	-0.419991	-8.51971e-07	-0.00403574	-0.00175364	-0.000453652	-0.000495798	-0.000189992	-0.000916517
