#eta  dN/deta  v1cos  v1sin  v2cos  v2sin  v3cos  v3sin  v4cos  v4sin  v5cos  v5sin  v6cos  v6sin  v7cos  v7sin
-5.00000000e+00  1.01490161e+01  0.00000000e+00  3.43708892e-03  2.42086973e-03  -5.31208095e-02  -4.83173738e-03  -6.40142432e-03  -2.10496946e-02  -1.24400413e-03  3.20108822e-03  -2.55364942e-04  -1.10341665e-03  1.41387495e-03  -6.57149119e-07  -8.52912478e-04  3.77856309e-04
-4.80000000e+00  1.01486236e+01  0.00000000e+00  3.43714485e-03  2.42091120e-03  -5.31225562e-02  -4.83188703e-03  -6.40164837e-03  -2.10504305e-02  -1.24405079e-03  3.20120147e-03  -2.55375375e-04  -1.10345867e-03  1.41392843e-03  -6.57144218e-07  -8.52944806e-04  3.77870663e-04
-4.60000000e+00  1.01480416e+01  0.00000000e+00  3.43722714e-03  2.42097224e-03  -5.31251429e-02  -4.83210855e-03  -6.40198030e-03  -2.10515206e-02  -1.24411997e-03  3.20136927e-03  -2.55390852e-04  -1.10352097e-03  1.41400772e-03  -6.57133190e-07  -8.52992735e-04  3.77891938e-04
-4.40000000e+00  1.01471818e+01  0.00000000e+00  3.43734740e-03  2.42106152e-03  -5.31289584e-02  -4.83243507e-03  -6.40247024e-03  -2.10531297e-02  -1.24422216e-03  3.20161698e-03  -2.55413735e-04  -1.10361301e-03  1.41412484e-03  -6.57108946e-07  -8.53063549e-04  3.77923362e-04
-4.20000000e+00  1.01459173e+01  0.00000000e+00  3.43752149e-03  2.42119088e-03  -5.31345562e-02  -4.83291363e-03  -6.40318976e-03  -2.10554928e-02  -1.24437242e-03  3.20198086e-03  -2.55447423e-04  -1.10374836e-03  1.41429706e-03  -6.57056918e-07  -8.53167692e-04  3.77969552e-04
-4.00000000e+00  1.01440687e+01  0.00000000e+00  3.43777036e-03  2.42137608e-03  -5.31427121e-02  -4.83360991e-03  -6.40423951e-03  -2.10589404e-02  -1.24459200e-03  3.20251189e-03  -2.55496745e-04  -1.10394624e-03  1.41454876e-03  -6.56948287e-07  -8.53319932e-04  3.78037028e-04
-3.80000000e+00  1.01413863e+01  0.00000000e+00  3.43812044e-03  2.42163712e-03  -5.31544922e-02  -4.83461368e-03  -6.40575858e-03  -2.10639291e-02  -1.24491050e-03  3.20328068e-03  -2.55568460e-04  -1.10423336e-03  1.41491384e-03  -6.56728716e-07  -8.53540839e-04  3.78134851e-04
-3.60000000e+00  1.01375278e+01  0.00000000e+00  3.43860325e-03  2.42199810e-03  -5.31713349e-02  -4.83604512e-03  -6.40793590e-03  -2.10710794e-02  -1.24536840e-03  3.20438320e-03  -2.55671905e-04  -1.10464640e-03  1.41543878e-03  -6.56301370e-07  -8.53858627e-04  3.78275412e-04
-3.40000000e+00  1.01320305e+01  0.00000000e+00  3.43925373e-03  2.42248621e-03  -5.31951437e-02  -4.83806188e-03  -6.41102372e-03  -2.10812191e-02  -1.24602038e-03  3.20594786e-03  -2.55819821e-04  -1.10523492e-03  1.41618635e-03  -6.55503978e-07  -8.54311455e-04  3.78475419e-04
-3.20000000e+00  1.01242781e+01  0.00000000e+00  3.44010666e-03  2.42312931e-03  -5.32283938e-02  -4.84086650e-03  -6.41535354e-03  -2.10954364e-02  -1.24693919e-03  3.20814374e-03  -2.56029396e-04  -1.10606507e-03  1.41724021e-03  -6.54080258e-07  -8.54950274e-04  3.78757107e-04
-3.00000000e+00  1.01134615e+01  0.00000000e+00  3.44119012e-03  2.42395137e-03  -5.32742409e-02  -4.84471347e-03  -6.42135367e-03  -2.11151364e-02  -1.24822035e-03  3.21118984e-03  -2.56323563e-04  -1.10722395e-03  1.41871039e-03  -6.51644464e-07  -8.55842215e-04  3.79149670e-04
-2.80000000e+00  1.00985350e+01  0.00000000e+00  3.44251443e-03  2.42496458e-03  -5.33366226e-02  -4.84991458e-03  -6.42956734e-03  -2.11421011e-02  -1.24998739e-03  3.21536462e-03  -2.56732569e-04  -1.10882463e-03  1.42073952e-03  -6.47633240e-07  -8.57074493e-04  3.79690894e-04
-2.60000000e+00  1.00781685e+01  0.00000000e+00  3.44405656e-03  2.42615797e-03  -5.34203524e-02  -4.85684241e-03  -6.44067165e-03  -2.11785499e-02  -1.25239783e-03  3.22101625e-03  -2.57295898e-04  -1.11101196e-03  1.42351010e-03  -6.41234090e-07  -8.58758956e-04  3.80429035e-04
-2.40000000e+00  1.00506939e+01  0.00000000e+00  3.44574122e-03  2.42748323e-03  -5.35312177e-02  -4.86593346e-03  -6.45549882e-03  -2.12272093e-02  -1.25565040e-03  3.22857389e-03  -2.58064677e-04  -1.11396974e-03  1.42725317e-03  -6.31278450e-07  -8.61037548e-04  3.81425065e-04
-2.20000000e+00  1.00140599e+01  0.00000000e+00  3.44742052e-03  2.42883860e-03  -5.36760426e-02  -4.87768784e-03  -6.47505377e-03  -2.12913686e-02  -1.25999196e-03  3.23855727e-03  -2.59104313e-04  -1.11792785e-03  1.43225695e-03  -6.16091850e-07  -8.64087803e-04  3.82754882e-04
-2.00000000e+00  9.96584632e+00  0.00000000e+00  3.44885077e-03  2.43004930e-03  -5.38625244e-02  -4.89265004e-03  -6.50050248e-03  -2.13748399e-02  -1.26571878e-03  3.25157107e-03  -2.60496122e-04  -1.12316468e-03  1.43886921e-03  -5.93306553e-07  -8.68124574e-04  3.84509831e-04
-1.80000000e+00  9.90342075e+00  0.00000000e+00  3.44966475e-03  2.43084304e-03  -5.40985256e-02  -4.91134524e-03  -6.53308718e-03  -2.14816766e-02  -1.27316209e-03  3.26826198e-03  -2.62335575e-04  -1.12999564e-03  1.44748205e-03  -5.59672330e-07  -8.73391054e-04  3.86792498e-04
-1.60000000e+00  9.82432373e+00  0.00000000e+00  3.44935012e-03  2.43082877e-03  -5.43905707e-02  -4.93415367e-03  -6.57392869e-03  -2.16155229e-02  -1.28264719e-03  3.28921781e-03  -2.64724110e-04  -1.13873772e-03  1.45848648e-03  -5.10965586e-07  -8.80131484e-04  3.89704543e-04
-1.40000000e+00  9.72693112e+00  0.00000000e+00  3.44726651e-03  2.42950432e-03  -5.47415394e-02  -4.96113040e-03  -6.62370053e-03  -2.17785439e-02  -1.29441803e-03  3.31480011e-03  -2.67751150e-04  -1.14964137e-03  1.47218690e-03  -4.42211098e-07  -8.88539070e-04  3.93324006e-04
-1.20000000e+00  9.61140930e+00  0.00000000e+00  3.44275122e-03  2.42633326e-03  -5.51477414e-02  -4.99179864e-03  -6.68217850e-03  -2.19699545e-02  -1.30852099e-03  3.34491096e-03  -2.71462304e-04  -1.16278178e-03  1.48866619e-03  -3.48580154e-07  -8.98672934e-04  3.97669883e-04
-1.00000000e+00  9.48090994e+00  0.00000000e+00  3.43535340e-03  2.42092530e-03  -5.55956974e-02  -5.02495624e-03  -6.74769212e-03  -2.21842360e-02  -1.32464665e-03  3.37870626e-03  -2.75810385e-04  -1.17790513e-03  1.50759672e-03  -2.27408808e-07  -9.10340443e-04  4.02652999e-04
-8.00000000e-01  9.34274672e+00  0.00000000e+00  3.42518565e-03  2.41331721e-03  -5.60593936e-02  -5.05855970e-03  -6.81658745e-03  -2.24094038e-02  -1.34195396e-03  3.41431112e-03  -2.80593365e-04  -1.19424939e-03  1.52802122e-03  -8.15149746e-08  -9.22958764e-04  4.08019615e-04
-6.00000000e-01  9.20894294e+00  0.00000000e+00  3.41327938e-03  2.40426809e-03  -5.64996313e-02  -5.08978812e-03  -6.88297644e-03  -2.26262167e-02  -1.35895379e-03  3.44868064e-03  -2.85402052e-04  -1.21041342e-03  1.54819336e-03  7.70050064e-08  -9.35450933e-04  4.13311102e-04
-4.00000000e-01  9.09529710e+00  0.00000000e+00  3.40170022e-03  2.39537224e-03  -5.68675891e-02  -5.11538131e-03  -6.93917685e-03  -2.28096351e-02  -1.37358266e-03  3.47782003e-03  -2.89623864e-04  -1.22440815e-03  1.56564183e-03  2.25021935e-07  -9.46279888e-04  4.17881795e-04
-2.00000000e-01  9.01840861e+00  0.00000000e+00  3.39314450e-03  2.38875343e-03  -5.71137382e-02  -5.13224101e-03  -6.97712744e-03  -2.29334320e-02  -1.38358142e-03  3.49751970e-03  -2.92552515e-04  -1.23401783e-03  1.57761635e-03  3.32188010e-07  -9.53724116e-04  4.21015475e-04
0.00000000e+00  8.99115215e+00  0.00000000e+00  3.38997630e-03  2.38629405e-03  -5.72004887e-02  -5.13813254e-03  -6.99056943e-03  -2.29772691e-02  -1.38714587e-03  3.50450159e-03  -2.93604822e-04  -1.23745217e-03  1.58189477e-03  3.71547729e-07  -9.56386365e-04  4.22134548e-04
2.00000000e-01  9.01840861e+00  0.00000000e+00  3.39314450e-03  2.38875343e-03  -5.71137382e-02  -5.13224101e-03  -6.97712744e-03  -2.29334320e-02  -1.38358142e-03  3.49751970e-03  -2.92552515e-04  -1.23401783e-03  1.57761635e-03  3.32188010e-07  -9.53724116e-04  4.21015475e-04
4.00000000e-01  9.09529710e+00  0.00000000e+00  3.40170022e-03  2.39537224e-03  -5.68675891e-02  -5.11538131e-03  -6.93917685e-03  -2.28096351e-02  -1.37358266e-03  3.47782003e-03  -2.89623864e-04  -1.22440815e-03  1.56564183e-03  2.25021935e-07  -9.46279888e-04  4.17881795e-04
6.00000000e-01  9.20894294e+00  0.00000000e+00  3.41327938e-03  2.40426809e-03  -5.64996313e-02  -5.08978812e-03  -6.88297644e-03  -2.26262167e-02  -1.35895379e-03  3.44868064e-03  -2.85402052e-04  -1.21041342e-03  1.54819336e-03  7.70050065e-08  -9.35450933e-04  4.13311102e-04
8.00000000e-01  9.34274672e+00  0.00000000e+00  3.42518565e-03  2.41331721e-03  -5.60593936e-02  -5.05855970e-03  -6.81658745e-03  -2.24094038e-02  -1.34195396e-03  3.41431112e-03  -2.80593365e-04  -1.19424939e-03  1.52802122e-03  -8.15149746e-08  -9.22958764e-04  4.08019615e-04
1.00000000e+00  9.48090994e+00  0.00000000e+00  3.43535340e-03  2.42092530e-03  -5.55956974e-02  -5.02495624e-03  -6.74769212e-03  -2.21842360e-02  -1.32464665e-03  3.37870626e-03  -2.75810385e-04  -1.17790513e-03  1.50759672e-03  -2.27408808e-07  -9.10340443e-04  4.02652999e-04
1.20000000e+00  9.61140930e+00  0.00000000e+00  3.44275122e-03  2.42633326e-03  -5.51477414e-02  -4.99179864e-03  -6.68217850e-03  -2.19699545e-02  -1.30852099e-03  3.34491096e-03  -2.71462304e-04  -1.16278178e-03  1.48866619e-03  -3.48580154e-07  -8.98672934e-04  3.97669883e-04
1.40000000e+00  9.72693112e+00  0.00000000e+00  3.44726651e-03  2.42950432e-03  -5.47415394e-02  -4.96113040e-03  -6.62370053e-03  -2.17785439e-02  -1.29441803e-03  3.31480011e-03  -2.67751150e-04  -1.14964137e-03  1.47218690e-03  -4.42211098e-07  -8.88539070e-04  3.93324006e-04
1.60000000e+00  9.82432373e+00  0.00000000e+00  3.44935012e-03  2.43082877e-03  -5.43905707e-02  -4.93415367e-03  -6.57392869e-03  -2.16155229e-02  -1.28264719e-03  3.28921781e-03  -2.64724110e-04  -1.13873772e-03  1.45848648e-03  -5.10965586e-07  -8.80131484e-04  3.89704543e-04
1.80000000e+00  9.90342075e+00  0.00000000e+00  3.44966475e-03  2.43084304e-03  -5.40985256e-02  -4.91134524e-03  -6.53308718e-03  -2.14816766e-02  -1.27316209e-03  3.26826198e-03  -2.62335575e-04  -1.12999564e-03  1.44748205e-03  -5.59672330e-07  -8.73391054e-04  3.86792498e-04
2.00000000e+00  9.96584632e+00  0.00000000e+00  3.44885077e-03  2.43004930e-03  -5.38625244e-02  -4.89265004e-03  -6.50050248e-03  -2.13748399e-02  -1.26571878e-03  3.25157107e-03  -2.60496122e-04  -1.12316468e-03  1.43886921e-03  -5.93306553e-07  -8.68124574e-04  3.84509831e-04
2.20000000e+00  1.00140599e+01  0.00000000e+00  3.44742052e-03  2.42883860e-03  -5.36760426e-02  -4.87768784e-03  -6.47505377e-03  -2.12913686e-02  -1.25999196e-03  3.23855727e-03  -2.59104313e-04  -1.11792785e-03  1.43225695e-03  -6.16091850e-07  -8.64087803e-04  3.82754882e-04
2.40000000e+00  1.00506939e+01  0.00000000e+00  3.44574122e-03  2.42748323e-03  -5.35312177e-02  -4.86593346e-03  -6.45549882e-03  -2.12272093e-02  -1.25565040e-03  3.22857389e-03  -2.58064677e-04  -1.11396974e-03  1.42725317e-03  -6.31278450e-07  -8.61037548e-04  3.81425065e-04
2.60000000e+00  1.00781685e+01  0.00000000e+00  3.44405656e-03  2.42615797e-03  -5.34203524e-02  -4.85684241e-03  -6.44067165e-03  -2.11785499e-02  -1.25239783e-03  3.22101625e-03  -2.57295898e-04  -1.11101196e-03  1.42351010e-03  -6.41234090e-07  -8.58758956e-04  3.80429035e-04
2.80000000e+00  1.00985350e+01  0.00000000e+00  3.44251443e-03  2.42496458e-03  -5.33366226e-02  -4.84991458e-03  -6.42956734e-03  -2.11421011e-02  -1.24998739e-03  3.21536462e-03  -2.56732569e-04  -1.10882463e-03  1.42073952e-03  -6.47633240e-07  -8.57074493e-04  3.79690894e-04
3.00000000e+00  1.01134615e+01  0.00000000e+00  3.44119012e-03  2.42395137e-03  -5.32742409e-02  -4.84471347e-03  -6.42135367e-03  -2.11151364e-02  -1.24822035e-03  3.21118984e-03  -2.56323563e-04  -1.10722395e-03  1.41871039e-03  -6.51644464e-07  -8.55842215e-04  3.79149670e-04
3.20000000e+00  1.01242781e+01  0.00000000e+00  3.44010666e-03  2.42312931e-03  -5.32283938e-02  -4.84086650e-03  -6.41535354e-03  -2.10954364e-02  -1.24693919e-03  3.20814374e-03  -2.56029396e-04  -1.10606507e-03  1.41724021e-03  -6.54080258e-07  -8.54950274e-04  3.78757107e-04
3.40000000e+00  1.01320305e+01  0.00000000e+00  3.43925373e-03  2.42248621e-03  -5.31951437e-02  -4.83806188e-03  -6.41102372e-03  -2.10812191e-02  -1.24602038e-03  3.20594786e-03  -2.55819821e-04  -1.10523492e-03  1.41618635e-03  -6.55503978e-07  -8.54311455e-04  3.78475419e-04
3.60000000e+00  1.01375278e+01  0.00000000e+00  3.43860325e-03  2.42199810e-03  -5.31713349e-02  -4.83604512e-03  -6.40793590e-03  -2.10710794e-02  -1.24536840e-03  3.20438320e-03  -2.55671905e-04  -1.10464640e-03  1.41543878e-03  -6.56301370e-07  -8.53858627e-04  3.78275412e-04
3.80000000e+00  1.01413863e+01  0.00000000e+00  3.43812044e-03  2.42163712e-03  -5.31544922e-02  -4.83461368e-03  -6.40575858e-03  -2.10639291e-02  -1.24491050e-03  3.20328068e-03  -2.55568460e-04  -1.10423336e-03  1.41491384e-03  -6.56728716e-07  -8.53540839e-04  3.78134851e-04
4.00000000e+00  1.01440687e+01  0.00000000e+00  3.43777036e-03  2.42137608e-03  -5.31427121e-02  -4.83360991e-03  -6.40423951e-03  -2.10589404e-02  -1.24459200e-03  3.20251189e-03  -2.55496745e-04  -1.10394624e-03  1.41454876e-03  -6.56948287e-07  -8.53319932e-04  3.78037028e-04
4.20000000e+00  1.01459173e+01  0.00000000e+00  3.43752149e-03  2.42119088e-03  -5.31345562e-02  -4.83291363e-03  -6.40318976e-03  -2.10554928e-02  -1.24437242e-03  3.20198086e-03  -2.55447423e-04  -1.10374836e-03  1.41429706e-03  -6.57056918e-07  -8.53167692e-04  3.77969552e-04
4.40000000e+00  1.01471818e+01  0.00000000e+00  3.43734740e-03  2.42106152e-03  -5.31289584e-02  -4.83243507e-03  -6.40247024e-03  -2.10531297e-02  -1.24422216e-03  3.20161698e-03  -2.55413735e-04  -1.10361301e-03  1.41412484e-03  -6.57108946e-07  -8.53063549e-04  3.77923362e-04
4.60000000e+00  1.01480416e+01  0.00000000e+00  3.43722714e-03  2.42097224e-03  -5.31251429e-02  -4.83210855e-03  -6.40198030e-03  -2.10515206e-02  -1.24411997e-03  3.20136927e-03  -2.55390852e-04  -1.10352097e-03  1.41400772e-03  -6.57133190e-07  -8.52992735e-04  3.77891938e-04
4.80000000e+00  1.01486236e+01  0.00000000e+00  3.43714485e-03  2.42091120e-03  -5.31225562e-02  -4.83188703e-03  -6.40164837e-03  -2.10504305e-02  -1.24405079e-03  3.20120147e-03  -2.55375375e-04  -1.10345867e-03  1.41392843e-03  -6.57144218e-07  -8.52944806e-04  3.77870663e-04
5.00000000e+00  1.01490161e+01  0.00000000e+00  3.43708892e-03  2.42086973e-03  -5.31208095e-02  -4.83173738e-03  -6.40142432e-03  -2.10496946e-02  -1.24400413e-03  3.20108822e-03  -2.55364942e-04  -1.10341665e-03  1.41387495e-03  -6.57149119e-07  -8.52912478e-04  3.77856309e-04
